******************** Algorithm 1 ********************
Subarray: [50, 66, -22, -4, -55, 91, 100, -102, 9, 10, 19, -10, 10, 11, 11, -10, -18, 50, 90]
Max Sum: 296
Subarray: [1, 9, 10, 92, 87]
Max Sum: 199
Subarray: [565, 78, 33, 9, 10, 84, 71, -4, -22, -55, -10, 76, -9, -9, -11, 76, 89, 11, 10]
Max Sum: 992
Subarray: [2, 3, 3, 3, 3, 3, 3, 3, 3, 3, 3, 3, 3, 3, 3, 3, 3, 3, 3, 3, 3, 3, 3, 3, 3, 3, 3, 3, 3, 3, 3]
Max Sum: 92
Subarray: [2]
Max Sum: 2
Subarray: [100, 100, 100, 100, -100, 100, 10]
Max Sum: 410
Subarray: [10, 92, 57, 99]
Max Sum: 258
******************** Algorithm 2 ********************
Subarray: [50, 66, -22, -4, -55, 91, 100, -102, 9, 10, 19, -10, 10, 11, 11, -10, -18, 50, 90]
Max Sum: 296
Subarray: [1, 9, 10, 92, 87]
Max Sum: 199
Subarray: [565, 78, 33, 9, 10, 84, 71, -4, -22, -55, -10, 76, -9, -9, -11, 76, 89, 11, 10]
Max Sum: 992
Subarray: [2, 3, 3, 3, 3, 3, 3, 3, 3, 3, 3, 3, 3, 3, 3, 3, 3, 3, 3, 3, 3, 3, 3, 3, 3, 3, 3, 3, 3, 3, 3]
Max Sum: 92
Subarray: [2]
Max Sum: 2
Subarray: [100, 100, 100, 100, -100, 100, 10]
Max Sum: 410
Subarray: [10, 92, 57, 99]
Max Sum: 258
******************** Algorithm 3 ********************
Subarray: [50, 66, -22, -4, -55, 91, 100, -102, 9, 10, 19, -10, 10, 11, 11, -10, -18, 50, 90]
Max Sum: 296
Subarray: [1, 9, 10, 92, 87]
Max Sum: 199
Subarray: [565, 78, 33, 9, 10, 84, 71, -4, -22, -55, -10, 76, -9, -9, -11, 76, 89, 11, 10]
Max Sum: 992
Subarray: [2, 3, 3, 3, 3, 3, 3, 3, 3, 3, 3, 3, 3, 3, 3, 3, 3, 3, 3, 3, 3, 3, 3, 3, 3, 3, 3, 3, 3, 3, 3]
Max Sum: 92
Subarray: [2]
Max Sum: 2
Subarray: [100, 100, 100, 100, -100, 100, 10]
Max Sum: 410
Subarray: [10, 92, 57, 99]
Max Sum: 258
******************** Algorithm 4 ********************
Subarray: [50, 66, -22, -4, -55, 91, 100, -102, 9, 10, 19, -10, 10, 11, 11, -10, -18, 50, 90]
Max Sum: 296
Subarray: [1, 9, 10, 92, 87]
Max Sum: 199
Subarray: [565, 78, 33, 9, 10, 84, 71, -4, -22, -55, -10, 76, -9, -9, -11, 76, 89, 11, 10]
Max Sum: 992
Subarray: [2, 3, 3, 3, 3, 3, 3, 3, 3, 3, 3, 3, 3, 3, 3, 3, 3, 3, 3, 3, 3, 3, 3, 3, 3, 3, 3, 3, 3, 3, 3]
Max Sum: 92
Subarray: [2]
Max Sum: 2
Subarray: [100, 100, 100, 100, -100, 100, 10]
Max Sum: 410
Subarray: [10, 92, 57, 99]
Max Sum: 258
