[1, 6, 13, 37, 150]
10000
[1, 6, 13, 37, 150]
10001
[1, 6, 13, 37, 150]
10002
[1, 6, 13, 37, 150]
10003
[1, 6, 13, 37, 150]
10004
[1, 6, 13, 37, 150]
10005
[1, 6, 13, 37, 150]
10006
[1, 6, 13, 37, 150]
10007
[1, 6, 13, 37, 150]
10008
[1, 6, 13, 37, 150]
10009
[1, 6, 13, 37, 150]
10010
[1, 6, 13, 37, 150]
10011
[1, 6, 13, 37, 150]
10012
[1, 6, 13, 37, 150]
10013
[1, 6, 13, 37, 150]
10014
[1, 6, 13, 37, 150]
10015
[1, 6, 13, 37, 150]
10016
[1, 6, 13, 37, 150]
10017
[1, 6, 13, 37, 150]
10018
[1, 6, 13, 37, 150]
10019
[1, 6, 13, 37, 150]
10020
[1, 6, 13, 37, 150]
10021
[1, 6, 13, 37, 150]
10022
[1, 6, 13, 37, 150]
10023
[1, 6, 13, 37, 150]
10024
[1, 6, 13, 37, 150]
10025
[1, 6, 13, 37, 150]
10026
[1, 6, 13, 37, 150]
10027
[1, 6, 13, 37, 150]
10028
[1, 6, 13, 37, 150]
10029
[1, 6, 13, 37, 150]
10030
[1, 6, 13, 37, 150]
10031
[1, 6, 13, 37, 150]
10032
[1, 6, 13, 37, 150]
10033
[1, 6, 13, 37, 150]
10034
[1, 6, 13, 37, 150]
10035
[1, 6, 13, 37, 150]
10036
[1, 6, 13, 37, 150]
10037
[1, 6, 13, 37, 150]
10038
[1, 6, 13, 37, 150]
10039
[1, 6, 13, 37, 150]
10040
[1, 6, 13, 37, 150]
10041
[1, 6, 13, 37, 150]
10042
[1, 6, 13, 37, 150]
10043
[1, 6, 13, 37, 150]
10044
[1, 6, 13, 37, 150]
10045
[1, 6, 13, 37, 150]
10046
[1, 6, 13, 37, 150]
10047
[1, 6, 13, 37, 150]
10048
[1, 6, 13, 37, 150]
10049
[1, 6, 13, 37, 150]
10050
[1, 6, 13, 37, 150]
10051
[1, 6, 13, 37, 150]
10052
[1, 6, 13, 37, 150]
10053
[1, 6, 13, 37, 150]
10054
[1, 6, 13, 37, 150]
10055
[1, 6, 13, 37, 150]
10056
[1, 6, 13, 37, 150]
10057
[1, 6, 13, 37, 150]
10058
[1, 6, 13, 37, 150]
10059
[1, 6, 13, 37, 150]
10060
[1, 6, 13, 37, 150]
10061
[1, 6, 13, 37, 150]
10062
[1, 6, 13, 37, 150]
10063
[1, 6, 13, 37, 150]
10064
[1, 6, 13, 37, 150]
10065
[1, 6, 13, 37, 150]
10066
[1, 6, 13, 37, 150]
10067
[1, 6, 13, 37, 150]
10068
[1, 6, 13, 37, 150]
10069
[1, 6, 13, 37, 150]
10070
[1, 6, 13, 37, 150]
10071
[1, 6, 13, 37, 150]
10072
[1, 6, 13, 37, 150]
10073
[1, 6, 13, 37, 150]
10074
[1, 6, 13, 37, 150]
10075
[1, 6, 13, 37, 150]
10076
[1, 6, 13, 37, 150]
10077
[1, 6, 13, 37, 150]
10078
[1, 6, 13, 37, 150]
10079
[1, 6, 13, 37, 150]
10080
[1, 6, 13, 37, 150]
10081
[1, 6, 13, 37, 150]
10082
[1, 6, 13, 37, 150]
10083
[1, 6, 13, 37, 150]
10084
[1, 6, 13, 37, 150]
10085
[1, 6, 13, 37, 150]
10086
[1, 6, 13, 37, 150]
10087
[1, 6, 13, 37, 150]
10088
[1, 6, 13, 37, 150]
10089
[1, 6, 13, 37, 150]
10090
[1, 6, 13, 37, 150]
10091
[1, 6, 13, 37, 150]
10092
[1, 6, 13, 37, 150]
10093
[1, 6, 13, 37, 150]
10094
[1, 6, 13, 37, 150]
10095
[1, 6, 13, 37, 150]
10096
[1, 6, 13, 37, 150]
10097
[1, 6, 13, 37, 150]
10098
[1, 6, 13, 37, 150]
10099
[1, 6, 13, 37, 150]
10100
